480.000000 1168.000000 5404.000000 216.000000
1072.000000 1668.000000 2312.000000 232.000000
724.000000 4220.000000 3080.000000 976.000000
1656.000000 5520.000000 1744.000000 1704.000000
728.000000 7444.000000 3084.000000 1000.000000
1280.000000 8784.000000 1752.000000 1688.000000
876.000000 10664.000000 2784.000000 608.000000
1648.000000 11560.000000 1232.000000 1896.000000
956.000000 13588.000000 2624.000000 804.000000
1656.000000 14664.000000 1392.000000 1896.000000
740.000000 16712.000000 3076.000000 580.000000
1624.000000 17576.000000 1272.000000 1896.000000
728.000000 19640.000000 3084.000000 1164.000000
1512.000000 20824.000000 1272.000000 1696.000000
764.000000 22604.000000 3060.000000 808.000000
740.000000 23928.000000 3136.000000 1196.000000
4800.000000 1656.000000 2016.000000 328.000000
6696.000000 1328.000000 792.000000 736.000000
7472.000000 1624.000000 2040.000000 280.000000
4216.000000 2164.000000 3540.000000 672.000000
4460.000000 2856.000000 1192.000000 100.000000
4216.000000 2948.000000 1704.000000 3512.000000
4204.000000 6484.000000 876.000000 1828.000000
4228.000000 8420.000000 1696.000000 3796.000000
5152.000000 6536.000000 816.000000 1816.000000
5968.000000 2916.000000 1812.000000 5836.000000
6092.000000 8788.000000 1676.000000 116.000000
7864.000000 2152.000000 1776.000000 4484.000000
7940.000000 6664.000000 1696.000000 120.000000
7936.000000 6816.000000 892.000000 1536.000000
7944.000000 8384.000000 880.000000 224.000000
7928.000000 8636.000000 884.000000 260.000000
9816.000000 1248.000000 4960.000000 456.000000
9824.000000 1856.000000 4312.000000 448.000000
8952.000000 6816.000000 760.000000 56.000000
8968.000000 8484.000000 664.000000 64.000000
8904.000000 8764.000000 192.000000 96.000000
9112.000000 8596.000000 368.000000 100.000000
9216.000000 8756.000000 424.000000 112.000000
9768.000000 2492.000000 1736.000000 6348.000000
11644.000000 2464.000000 1684.000000 1292.000000
13488.000000 2440.000000 1668.000000 1276.000000
6864.000000 9112.000000 3832.000000 336.000000
6344.000000 9584.000000 1376.000000 1680.000000
10024.000000 9580.000000 1036.000000 480.000000
8608.000000 10156.000000 2000.000000 108.000000
8364.000000 10288.000000 2508.000000 152.000000
6452.000000 11456.000000 1220.000000 252.000000
9768.000000 10552.000000 544.000000 312.000000
7840.000000 10888.000000 2608.000000 392.000000
8208.000000 11280.000000 2256.000000 152.000000
7840.000000 11432.000000 1776.000000 8.000000
10448.000000 10968.000000 816.000000 312.000000
6852.000000 11928.000000 812.000000 108.000000
8128.000000 11492.000000 1348.000000 304.000000
7800.000000 11900.000000 1552.000000 120.000000
9688.000000 11468.000000 1444.000000 516.000000
12216.000000 4404.000000 752.000000 200.000000
12000.000000 4724.000000 2608.000000 228.000000
12872.000000 4992.000000 1512.000000 48.000000
12004.000000 5040.000000 2440.000000 296.000000
12016.000000 5364.000000 2132.000000 92.000000
12004.000000 5456.000000 1004.000000 100.000000
12012.000000 5576.000000 1872.000000 396.000000
12008.000000 6008.000000 1604.000000 388.000000
12048.000000 4228.000000 1592.000000 260.000000
12008.000000 4488.000000 3272.000000 184.000000
14672.000000 4672.000000 608.000000 384.000000
14464.000000 5056.000000 816.000000 336.000000
14400.000000 5392.000000 616.000000 120.000000
14264.000000 5512.000000 1016.000000 184.000000
14592.000000 5696.000000 176.000000 312.000000
14152.000000 6008.000000 664.000000 416.000000
11632.000000 8980.000000 3320.000000 780.000000
11648.000000 9760.000000 100.000000 184.000000
12008.000000 9776.000000 2940.000000 1528.000000
13064.000000 11956.000000 876.000000 120.000000
6152.000000 12440.000000 5472.000000 736.000000
6160.000000 13216.000000 6384.000000 712.000000
6136.000000 14168.000000 3024.000000 680.000000
9688.000000 15040.000000 1488.000000 960.000000
6144.000000 16048.000000 5136.000000 1152.000000
6112.000000 14928.000000 3200.000000 1120.000000
11536.000000 14848.000000 2512.000000 976.000000
7904.000000 17224.000000 360.000000 176.000000
4240.000000 17400.000000 7208.000000 7096.000000
4240.000000 24496.000000 528.000000 88.000000
4240.000000 24584.000000 256.000000 16.000000
14028.000000 17564.000000 844.000000 552.000000
11376.000000 17152.000000 2640.000000 1032.000000
11892.000000 18184.000000 2384.000000 496.000000
12552.000000 18928.000000 2600.000000 888.000000
11580.000000 18952.000000 952.000000 540.000000
11588.000000 20136.000000 3436.000000 3908.000000
4796.000000 24524.000000 8704.000000 368.000000
14200.000000 24264.000000 1064.000000 744.000000
