text|[[386.0, 234.0], [468.0, 288.0]]|[[470.0, 233.0], [539.0, 290.0]]|[[386.0, 291.0], [540.0, 347.0]]|[[386.0, 350.0], [539.0, 407.0]]|[[385.0, 409.0], [674.0, 465.0]]
title|[[373.0, 240.0], [383.0, 456.0]]|[[553.0, 238.0], [565.0, 392.0]]
other|[[234.0, 179.0], [243.0, 345.0]]
text|[[687.0, 15.0], [737.0, 44.0]]
other|[[676.0, 407.0], [745.0, 464.0]]
text|[[67.0, 351.0], [90.0, 468.0]]|[[91.0, 351.0], [241.0, 410.0]]|[[90.0, 411.0], [285.0, 466.0]]
text|[[356.0, 18.0], [511.0, 171.0]]
other|[[29.0, 179.0], [234.0, 346.0]]
title|[[340.0, 18.0], [354.0, 108.0]]
other|[[24.0, 445.0], [60.0, 467.0]]
title|[[362.0, 234.0], [372.0, 289.0]]
other|[[688.0, 46.0], [738.0, 87.0]]
text|[[83.0, 97.0], [115.0, 174.0]]
title|[[43.0, 41.0], [49.0, 59.0]]
text|[[71.0, 20.0], [334.0, 95.0]]|[[118.0, 97.0], [334.0, 174.0]]
title|[[26.0, 43.0], [40.0, 155.0]]
title|[[60.0, 352.0], [65.0, 408.0]]
title|[[518.0, 17.0], [531.0, 122.0]]
other|[[287.0, 411.0], [321.0, 463.0]]
title|[[542.0, 232.0], [552.0, 284.0]]|[[678.0, 16.0], [686.0, 80.0]]
title|[[247.0, 177.0], [256.0, 249.0]]
text|[[533.0, 94.0], [741.0, 170.0]]|[[533.0, 15.0], [673.0, 92.0]]
title|[[32.0, 354.0], [41.0, 410.0]]
title|[[257.0, 183.0], [270.0, 393.0]]
text|[[271.0, 176.0], [438.0, 232.0]]|[[439.0, 174.0], [604.0, 230.0]]|[[605.0, 174.0], [743.0, 228.0]]|[[272.0, 235.0], [359.0, 292.0]]|[[272.0, 293.0], [360.0, 351.0]]|[[271.0, 352.0], [358.0, 410.0]]|[[322.0, 411.0], [360.0, 467.0]]
title|[[76.0, 99.0], [81.0, 152.0]]
text|[[567.0, 349.0], [742.0, 405.0]]|[[567.0, 291.0], [741.0, 348.0]]|[[566.0, 231.0], [741.0, 289.0]]
title|[[43.0, 108.0], [50.0, 154.0]]
title|[[56.0, 21.0], [70.0, 170.0]]
title|[[41.0, 353.0], [51.0, 443.0]]