title|[[157.0, 186.0], [163.0, 238.0]]
other|[[269.0, 184.0], [363.0, 349.0]]
text|[[191.0, 241.0], [203.0, 294.0]]|[[203.0, 241.0], [266.0, 269.0]]|[[262.0, 269.0], [266.0, 296.0]]|[[251.0, 297.0], [265.0, 350.0]]|[[88.0, 128.0], [187.0, 285.0]]
title|[[74.0, 240.0], [80.0, 282.0]]|[[66.0, 239.0], [73.0, 265.0]]
text|[[236.0, 186.0], [267.0, 238.0]]|[[123.0, 241.0], [182.0, 294.0]]
text|[[76.0, 297.0], [249.0, 350.0]]|[[74.0, 352.0], [115.0, 460.0]]
other|[[256.0, 272.0], [261.0, 294.0]]
text|[[298.0, 129.0], [344.0, 181.0]]
other|[[197.0, 158.0], [250.0, 183.0]]
title|[[175.0, 129.0], [182.0, 172.0]]
title|[[37.0, 17.0], [44.0, 181.0]]
text|[[81.0, 241.0], [120.0, 294.0]]
title|[[345.0, 129.0], [352.0, 173.0]]
other|[[367.0, 129.0], [740.0, 471.0]]
title|[[229.0, 186.0], [235.0, 232.0]]
other|[[204.0, 271.0], [256.0, 296.0]]
title|[[74.0, 130.0], [96.0, 239.0]]|[[96.0, 129.0], [175.0, 183.0]]
text|[[250.0, 129.0], [289.0, 181.0]]|[[182.0, 129.0], [197.0, 182.0]]|[[198.0, 127.0], [250.0, 158.0]]
other|[[47.0, 17.0], [747.0, 126.0]]
text|[[352.0, 129.0], [365.0, 181.0]]|[[97.0, 186.0], [155.0, 238.0]]
other|[[118.0, 352.0], [361.0, 462.0]]
title|[[51.0, 134.0], [63.0, 289.0]]
title|[[66.0, 130.0], [73.0, 228.0]]
title|[[289.0, 130.0], [297.0, 176.0]]
title|[[184.0, 242.0], [191.0, 293.0]]
title|[[40.0, 298.0], [74.0, 450.0]]