1352.000000 832.000000 3680.000000 416.000000
1348.000000 1392.000000 280.000000 124.000000
3516.000000 1360.000000 1484.000000 128.000000
612.000000 1680.000000 5480.000000 532.000000
628.000000 2308.000000 2480.000000 544.000000
3240.000000 2464.000000 2460.000000 352.000000
1300.000000 2836.000000 4396.000000 140.000000
624.000000 2976.000000 4504.000000 156.000000
532.000000 3120.000000 2568.000000 7888.000000
4924.000000 3008.000000 772.000000 124.000000
3188.000000 3180.000000 2512.000000 4940.000000
3152.000000 8148.000000 2500.000000 2872.000000
5880.000000 848.000000 5076.000000 188.000000
6112.000000 1680.000000 5320.000000 128.000000
6112.000000 1808.000000 4960.000000 64.000000
6112.000000 1872.000000 4936.000000 352.000000
6112.000000 2224.000000 5312.000000 8.000000
5888.000000 2232.000000 5536.000000 16.000000
5880.000000 2248.000000 5544.000000 1240.000000
11724.000000 984.000000 1868.000000 168.000000
11708.000000 1264.000000 3344.000000 316.000000
11064.000000 1908.000000 2372.000000 180.000000
11048.000000 2088.000000 4364.000000 136.000000
11628.000000 2248.000000 3792.000000 616.000000
11620.000000 2880.000000 1848.000000 132.000000
12524.000000 3032.000000 936.000000 76.000000
11624.000000 3020.000000 820.000000 84.000000
11612.000000 3120.000000 1856.000000 3224.000000
11804.000000 6360.000000 1656.000000 96.000000
13576.000000 2920.000000 1864.000000 3456.000000
13576.000000 6392.000000 1844.000000 124.000000
11612.000000 6480.000000 3788.000000 164.000000
5784.000000 7812.000000 5564.000000 584.000000
11612.000000 6604.000000 1848.000000 1332.000000
6032.000000 8456.000000 6904.000000 536.000000
532.000000 11320.000000 2944.000000 440.000000
472.000000 11832.000000 2528.000000 5100.000000
3100.000000 11848.000000 2508.000000 5076.000000
500.000000 17236.000000 3384.000000 440.000000
392.000000 17756.000000 2560.000000 5052.000000
404.000000 22848.000000 924.000000 1648.000000
1448.000000 23488.000000 1368.000000 1076.000000
3040.000000 17760.000000 2516.000000 6880.000000
5712.000000 9012.000000 1888.000000 7592.000000
5668.000000 16624.000000 1872.000000 4688.000000
5648.000000 21336.000000 1856.000000 3340.000000
7728.000000 9000.000000 1820.000000 116.000000
7704.000000 9136.000000 1844.000000 3120.000000
9668.000000 8980.000000 1828.000000 124.000000
9652.000000 9120.000000 1844.000000 2740.000000
11616.000000 8976.000000 1840.000000 464.000000
11608.000000 9456.000000 1852.000000 2368.000000
13576.000000 6656.000000 1840.000000 248.000000
13568.000000 6916.000000 1876.000000 2492.000000
13632.000000 9640.000000 1552.000000 968.000000
13568.000000 10676.000000 1832.000000 1096.000000
7936.000000 12304.000000 7088.000000 472.000000
7660.000000 12868.000000 1852.000000 5392.000000
9632.000000 12840.000000 1836.000000 1060.000000
9632.000000 13924.000000 1828.000000 108.000000
11592.000000 12808.000000 1848.000000 1188.000000
12640.000000 13984.000000 704.000000 48.000000
9628.000000 14048.000000 1908.000000 140.000000
9628.000000 14184.000000 1828.000000 112.000000
9608.000000 14316.000000 1852.000000 3552.000000
11568.000000 14256.000000 1868.000000 3572.000000
7884.000000 18388.000000 4992.000000 436.000000
7624.000000 18880.000000 1852.000000 1316.000000
9580.000000 18872.000000 1852.000000 1320.000000
7636.000000 20220.000000 3776.000000 796.000000
7636.000000 21012.000000 1780.000000 116.000000
7600.000000 21140.000000 1856.000000 3524.000000
9552.000000 21088.000000 1860.000000 3580.000000
11508.000000 18856.000000 1888.000000 5816.000000
13560.000000 12776.000000 1836.000000 1604.000000
13464.000000 14472.000000 1928.000000 8656.000000
13592.000000 23156.000000 1752.000000 76.000000
14208.000000 23248.000000 1132.000000 72.000000
13492.000000 23232.000000 772.000000 80.000000
13488.000000 23328.000000 688.000000 148.000000
13480.000000 23580.000000 1872.000000 328.000000
13480.000000 24016.000000 1860.000000 156.000000
13472.000000 24288.000000 1856.000000 408.000000
