2000.000000 976.000000 11968.000000 624.000000
540.000000 1856.000000 14724.000000 208.000000
712.000000 7064.000000 3184.000000 8.000000
524.000000 8592.000000 5460.000000 2144.000000
484.000000 10928.000000 1760.000000 3980.000000
528.000000 15424.000000 3440.000000 1032.000000
452.000000 16656.000000 1928.000000 3648.000000
504.000000 20520.000000 3528.000000 2952.000000
864.000000 23632.000000 3184.000000 72.000000
456.000000 23892.000000 3544.000000 696.000000
580.000000 24800.000000 52.000000 108.000000
2536.000000 4808.000000 1824.000000 432.000000
2340.000000 5284.000000 1776.000000 15020.000000
2536.000000 5240.000000 1648.000000 16.000000
2536.000000 5256.000000 400.000000 88.000000
2200.000000 6872.000000 1696.000000 192.000000
2144.000000 24640.000000 1656.000000 124.000000
4696.000000 7944.000000 256.000000 448.000000
4216.000000 10932.000000 1752.000000 8564.000000
4256.000000 19840.000000 5184.000000 1120.000000
4172.000000 21072.000000 1728.000000 3784.000000
6128.000000 2464.000000 1784.000000 1040.000000
6172.000000 3612.000000 3596.000000 924.000000
6164.000000 4572.000000 1724.000000 1436.000000
6704.000000 6184.000000 7760.000000 424.000000
6132.000000 6812.000000 1752.000000 4976.000000
6160.000000 12112.000000 3624.000000 512.000000
6112.000000 12760.000000 3584.000000 1260.000000
6004.000000 14064.000000 1900.000000 10812.000000
7912.000000 2464.000000 7560.000000 1040.000000
8024.000000 4620.000000 1740.000000 3864.000000
8048.000000 8656.000000 3680.000000 520.000000
7948.000000 9292.000000 1788.000000 7496.000000
7904.000000 17136.000000 5060.000000 880.000000
7884.000000 18108.000000 1820.000000 6788.000000
9908.000000 3600.000000 1728.000000 2380.000000
9872.000000 6880.000000 1756.000000 4908.000000
9784.000000 12112.000000 3676.000000 512.000000
9756.000000 12756.000000 1896.000000 12160.000000
11800.000000 3600.000000 1748.000000 2384.000000
11784.000000 6872.000000 1748.000000 1620.000000
11728.000000 8656.000000 3616.000000 520.000000
11652.000000 9284.000000 1860.000000 15300.000000
11664.000000 24620.000000 1876.000000 304.000000
13688.000000 3596.000000 1732.000000 2384.000000
13460.000000 6856.000000 1932.000000 13752.000000
13600.000000 20936.000000 1640.000000 1816.000000
15040.000000 22784.000000 128.000000 280.000000
13568.000000 23188.000000 1720.000000 1088.000000
13540.000000 24620.000000 80.000000 304.000000
13796.000000 24636.000000 980.000000 284.000000
